4
87846
0
0
new 2,50689,51201
new 2,50177,50689
new 2,49665,50177
new 2,49153,49665
new 2,48641,49153
new 2,48129,48641
new 2,47617,48129
new 2,47105,47617
new 2,46593,47105
new 2,46081,46593
new 2,4609,5121
new 2,45569,46081
new 2,45057,45569
new 2,44545,45057
new 2,44033,44545
new 2,43521,44033
new 2,43009,43521
new 2,42497,43009
new 2,41985,42497
new 2,41473,41985
new 2,40961,41473
new 2,4097,4609
new 2,40449,40961
new 2,39937,40449
new 2,39425,39937
new 2,38913,39425
new 2,38401,38913
new 2,37889,38401
new 2,37377,37889
new 2,36865,37377
new 2,36353,36865
new 2,35841,36353
new 2,3585,4097
new 2,35329,35841
new 2,34817,35329
new 2,34305,34817
new 2,33793,34305
new 2,33281,33793
new 2,32769,33281
new 2,32257,32769
new 2,31745,32257
new 2,31233,31745
new 2,30721,31233
new 2,3073,3585
new 2,30209,30721
new 2,29697,30209
new 2,29185,29697
new 2,28673,29185
new 2,28161,28673
new 2,27649,28161
new 2,27137,27649
new 2,26625,27137
new 2,26113,26625
new 2,25601,26113
new 2,2561,3073
new 2,25089,25601
new 2,24577,25089
new 2,24065,24577
new 2,23553,24065
new 2,23041,23553
new 2,22529,23041
new 2,22017,22529
new 2,21505,22017
new 2,20993,21505
new 2,20481,20993
new 2,2049,2561
new 2,19969,20481
new 2,19457,19969
new 2,18945,19457
new 2,18433,18945
new 2,17921,18433
new 2,17409,17921
new 2,16897,17409
new 2,16385,16897
new 2,15873,16385
new 2,15361,15873
new 2,1537,2049
new 2,14849,15361
new 2,14337,14849
new 2,13825,14337
new 2,13313,13825
new 2,12801,13313
new 2,12289,12801
new 2,11777,12289
new 2,11265,11777
new 2,10753,11265
new 2,10241,10753
new 2,1025,1537
new 2,9729,10241
new 2,9217,9729
new 2,87553,87846
new 2,87041,87553
new 2,8705,9217
new 2,86529,87041
new 2,86017,86529
new 2,85505,86017
new 2,84993,85505
new 2,84481,84993
new 2,83969,84481
new 2,83457,83969
new 2,82945,83457
new 2,82433,82945
new 2,81921,82433
new 2,8193,8705
new 2,81409,81921
new 2,80897,81409
new 2,80385,80897
new 2,79873,80385
new 2,79361,79873
new 2,78849,79361
new 2,78337,78849
new 2,77825,78337
new 2,77313,77825
new 2,76801,77313
new 2,7681,8193
new 2,76289,76801
new 2,75777,76289
new 2,75265,75777
new 2,74753,75265
new 2,74241,74753
new 2,73729,74241
new 2,73217,73729
new 2,72705,73217
new 2,72193,72705
new 2,71681,72193
new 2,7169,7681
new 2,71169,71681
new 2,70657,71169
new 2,70145,70657
new 2,69633,70145
new 2,69121,69633
new 2,68609,69121
new 2,68097,68609
new 2,67585,68097
new 2,67073,67585
new 2,66561,67073
new 2,6657,7169
new 2,66049,66561
new 2,65537,66049
new 2,65025,65537
new 2,64513,65025
new 2,64001,64513
new 2,63489,64001
new 2,62977,63489
new 2,62465,62977
new 2,61953,62465
new 2,61441,61953
new 2,6145,6657
new 2,60929,61441
new 2,60417,60929
new 2,59905,60417
new 2,59393,59905
new 2,58881,59393
new 2,58369,58881
new 2,57857,58369
new 2,57345,57857
new 2,56833,57345
new 2,56321,56833
new 2,5633,6145
new 2,55809,56321
new 2,55297,55809
new 2,54785,55297
new 2,54273,54785
new 2,53761,54273
new 2,53249,53761
new 2,52737,53249
new 2,52225,52737
new 2,51713,52225
new 2,51201,51713
new 2,5121,5633
new 2,513,1025
new 2,1,513
new 2,0,1
