4
156031
0
0
new 2,0,1024
new 2,1024,2048
new 2,2048,3072
new 2,3072,4096
new 2,4096,5120
new 2,5120,6144
new 2,6144,7168
new 2,7168,8192
new 2,8192,9216
new 2,9216,10240
new 2,10240,11264
new 2,11264,12288
new 2,12288,13312
new 2,13312,14336
new 2,14336,15360
new 2,15360,16384
new 2,16384,17408
new 2,17408,18432
new 2,18432,19456
new 2,19456,20480
new 2,20480,21504
new 2,21504,22528
new 2,22528,23552
new 2,23552,24576
new 2,24576,25600
new 2,25600,26624
new 2,26624,27648
new 2,27648,28672
new 2,28672,29696
new 2,29696,30720
new 2,30720,31744
new 2,31744,32768
new 2,32768,33792
new 2,33792,34816
new 2,34816,35840
new 2,35840,36864
new 2,36864,37888
new 2,37888,38912
new 2,38912,39936
new 2,39936,40960
new 2,40960,41984
new 2,41984,43008
new 2,43008,44032
new 2,44032,45056
new 2,45056,46080
new 2,46080,47104
new 2,47104,48128
new 2,48128,49152
new 2,49152,50176
new 2,50176,51200
new 2,51200,52224
new 2,52224,53248
new 2,53248,54272
new 2,54272,55296
new 2,55296,56320
new 2,56320,57344
new 2,57344,58368
new 2,58368,59392
new 2,59392,60416
new 2,60416,61440
new 2,61440,62464
new 2,62464,63488
new 2,63488,64512
new 2,64512,65536
new 2,65536,66560
new 2,66560,67584
new 2,67584,68608
new 2,68608,69632
new 2,69632,70656
new 2,70656,71680
new 2,71680,72704
new 2,72704,73728
new 2,73728,74752
new 2,74752,75776
new 2,75776,76800
new 2,76800,77824
new 2,77824,78848
new 2,78848,79872
new 2,79872,80896
new 2,80896,81920
new 2,81920,82944
new 2,82944,83968
new 2,83968,84992
new 2,84992,86016
new 2,86016,87040
new 2,87040,88064
new 2,88064,89088
new 2,89088,90112
new 2,90112,91136
new 2,91136,92160
new 2,92160,93184
new 2,93184,94208
new 2,94208,95232
new 2,95232,96256
new 2,96256,97280
new 2,97280,98304
new 2,98304,99328
new 2,99328,100352
new 2,100352,101376
new 2,101376,102400
new 2,102400,103424
new 2,103424,104448
new 2,104448,105472
new 2,105472,106496
new 2,106496,107520
new 2,107520,108544
new 2,108544,109568
new 2,109568,110592
new 2,110592,111616
new 2,111616,112640
new 2,112640,113664
new 2,113664,114688
new 2,114688,115712
new 2,115712,116736
new 2,116736,117760
new 2,117760,118784
new 2,118784,119808
new 2,119808,120832
new 2,120832,121856
new 2,121856,122880
new 2,122880,123904
new 2,123904,124928
new 2,124928,125952
new 2,125952,126976
new 2,126976,128000
new 2,128000,129024
new 2,129024,130048
new 2,130048,131072
new 2,131072,132096
new 2,132096,133120
new 2,133120,134144
new 2,134144,135168
new 2,135168,136192
new 2,136192,137216
new 2,137216,138240
new 2,138240,139264
new 2,139264,140288
new 2,140288,141312
new 2,141312,142336
new 2,142336,143360
new 2,143360,144384
new 2,144384,145408
new 2,145408,146432
new 2,146432,147456
new 2,147456,148480
new 2,148480,149504
new 2,149504,150528
new 2,150528,151552
new 2,151552,152576
new 2,152576,153600
new 2,153600,154624
new 2,154624,155648
new 2,155648,156031
