4
125916
0
0
erase 10,121813,163328,164354,228864,229890,294400,295426,491008,492033,524288
new 4,0,136,516,1404
new 2,1404,2428
new 2,2428,3452
new 2,3452,4476
new 2,4476,5500
new 2,5500,6524
new 2,6524,7548
new 2,7548,8572
new 2,8572,9596
new 2,9596,10620
new 2,10620,11644
new 2,11644,12668
new 2,12668,13692
new 2,13692,14716
new 2,14716,15740
new 2,15740,16764
new 2,16764,17788
new 2,17788,18812
new 2,18812,19836
new 2,19836,20860
new 2,20860,21884
new 2,21884,22908
new 2,22908,23932
new 2,23932,24956
new 2,24956,25980
new 2,25980,27004
new 2,27004,28028
new 2,28028,29052
new 2,29052,30076
new 2,30076,31100
new 2,31100,32124
new 4,32124,32771,33284,33661
new 2,33661,34685
new 2,34685,35709
new 2,35709,36733
new 2,36733,37757
new 2,37757,38781
new 2,38781,39805
new 2,39805,40829
new 2,40829,41853
new 2,41853,42877
new 2,42877,43901
new 2,43901,44925
new 2,44925,45949
new 2,45949,46973
new 2,46973,47997
new 2,47997,49021
new 2,49021,50045
new 2,50045,51069
new 2,51069,52093
new 2,52093,53117
new 2,53117,54141
new 2,54141,55165
new 2,55165,56189
new 2,56189,57213
new 2,57213,58237
new 2,58237,59261
new 2,59261,60285
new 2,60285,61309
new 2,61309,62333
new 2,62333,63357
new 2,63357,64381
new 2,64381,65405
new 4,65405,65537,66050,66942
new 2,66942,67966
new 2,67966,68990
new 2,68990,70014
new 2,70014,71038
new 2,71038,72062
new 2,72062,73086
new 2,73086,74110
new 2,74110,75134
new 2,75134,76158
new 2,76158,77182
new 2,77182,78206
new 2,78206,79230
new 2,79230,80254
new 2,80254,81278
new 2,81278,82302
new 2,82302,83326
new 2,83326,84350
new 2,84350,85374
new 2,85374,86398
new 2,86398,87422
new 2,87422,88446
new 2,88446,89470
new 2,89470,90494
new 2,90494,91518
new 2,91518,92542
new 2,92542,93566
new 2,93566,94590
new 2,94590,95614
new 2,95614,96638
new 2,96638,97662
new 4,97662,98307,98820,99199
new 2,99199,100223
new 2,100223,101247
new 2,101247,102271
new 2,102271,103295
new 2,103295,104319
new 2,104319,105343
new 2,105343,106367
new 2,106367,107391
new 2,107391,108415
new 2,108415,109439
new 2,109439,110463
new 2,110463,111487
new 2,111487,112511
new 2,112511,113535
new 2,113535,114559
new 2,114559,115583
new 2,115583,116607
new 2,116607,117631
new 2,117631,118655
new 2,118655,119679
new 2,119679,120703
new 10,120703,121301,163840,163842,229376,229378,294912,294914,491520,491521
zero 6,136,516,32771,33284,65537,65668
zero 6,65668,66050,98307,98820,121301,121430
zero 6,121430,121813,163328,163840,163842,163971
zero 6,163971,164354,228864,229376,229378,229507
zero 6,229507,229890,294400,294912,294914,295043
zero 6,295043,295426,491008,491520,491521,491650
zero 2,491650,492033
